"body_elongation" "eye_vertical" "relative_eye" "oral_gape_trait" "relative_maxillary" "body_lateral_shape" "pectoral_fin_vertical" "pectoral_fin_size" "caudal_throttling" "max_length"
"Acanthurus blochii" 2.11600653532747 0.770348416004424 0.133008692417206 0.432240814084007 0.0863338779310946 0.772352325586564 0.394692897303206 0.260603411205445 2.26401001865458 45
"Acanthurus guttatus" 1.49272226161678 0.6595429750318 0.155153134510942 0.347342415196631 0.116058788473429 0.572869975281763 0.370976469211519 0.347992603995592 2.91083436057215 26
"Acanthurus lineatus" 2.23338813431638 0.756242349933176 0.117681485588777 0.433272158969437 0.0851616233724546 0.756276031835379 0.397303832613059 0.258242746008178 1.88825772691037 38
"Acanthurus maculiceps" 1.99191410404276 0.773983916799948 0.137097741001026 0.434641059823443 0.0921744035337267 0.725414935025522 0.415321830398241 0.263654297328281 2.29967939454106 40
"Acanthurus nigricauda" 2.07305598115305 0.728415268286931 0.132802577284321 0.399137143027996 0.0906130943279263 0.749036245533622 0.376860148962668 0.255101775159849 2.98414382006273 40
"Acanthurus xanthopterus" 1.98896504156482 0.699326057393431 0.143251003148879 0.389132856155301 0.120278357694158 0.646751574999344 0.378885210283038 0.255994873113547 3.28685971434018 70
"Aphareus furca" 3.35926127215365 0.592895115683675 0.380490428117239 0.540569573679167 0.895395084062585 0.578547412263046 0.366603446655893 0.213338536970472 3.23731724303423 70
"Caesio caerulaurea" 3.56499736442255 0.471938846342933 0.406087567971163 0.506529673981252 0.387636551788517 0.507652575148309 0.326943358948572 0.229983406391192 3.3698761636437 35
"Calotomus carolinus" 2.56931423100526 0.736817663826011 0.231858880670504 0.592770715059482 0.148103150188836 0.578457959124809 0.459036649602537 0.20535374361149 1.4256424609625 54
"Caranx lugubris" 2.38452402581928 0.488773297122049 0.238450469448656 0.341058295377312 0.342507283595131 0.563715618757459 0.344513709275427 0.357439264421381 9.60939732907457 100
"Caranx melampygus" 2.87727357474221 0.585354503135275 0.237102821954021 0.412843880745288 0.385520028708507 0.595444488197224 0.418206649299055 0.352407312245293 9.43935160145321 117
"Cephalopholis argus" 3.27891606122806 0.70607167564778 0.199277236898054 0.528662408525455 0.706010061600678 0.597350275175942 0.391275084248494 0.203815870693169 1.53918300567741 60
"Cephalopholis urodeta" 2.81093899788551 0.607947395073346 0.299238690725256 0.402916218731983 0.667696561175219 0.537559846923431 0.414682044317173 0.26526227749768 1.6932686138004 28
"Cheilinus trilobatus" 2.7421610122904 0.645129050514845 0.186407021410834 0.529918236535513 0.331834531864599 0.5959993397134 0.392834904427629 0.158487335775498 1.36567644566033 45
"Cheilinus undulatus" 2.63714865365782 0.718115508526101 0.101901456117613 0.49694028282288 0.319613966539671 0.74976659091201 0.432345762536624 0.200933844587666 1.2824926607953 229
"Chlorurus bleekeri" 2.68706170595112 0.716212380715301 0.176325948706991 0.570213559519007 0.139546073849682 0.64350788725146 0.417626954434637 0.240931759779635 1.40431536624905 49
"Chlorurus frontalis" 2.84790034913875 0.691888338165784 0.171980458401053 0.464434115428879 0.16829049703719 0.666408106427181 0.44212788065925 0.210286326557947 1.42990143597809 50
"Chlorurus microrhinos" 2.72226126986542 0.729686814952246 0.156299815493172 0.488426569186231 0.146451605376189 0.71536557323089 0.453734675788775 0.255281737049854 1.33537299756605 70
"Chlorurus sordidus" 2.8162215542857 0.70870939861026 0.188715845213463 0.570591951645699 0.204305864606669 0.638306276061168 0.419447474816785 0.233934548397157 1.55266693295976 40
"Ctenochaetus striatus" 2.07493352269639 0.71188463083879 0.163059336560385 0.392966635072794 0.119692198118524 0.693613426539464 0.396018174177073 0.260333900167495 2.75923943308081 26
"Elagatis bipinnulata" 4.74725899107077 0.453476356822362 0.329620171587661 0.476744933158987 0.526043927476837 0.515561972105916 0.374311005398551 0.139080070035997 6.03926777624709 180
"Epinephelus hexagonatus" 3.50926912942671 0.714616982843567 0.314255102209279 0.55978259390669 0.802278885921199 0.601448662097218 0.390966491972298 0.219914549762325 1.46210001748557 27.5
"Epinephelus howlandi" 3.27698578263201 0.725695330374827 0.318494301565203 0.528825031033197 0.722026804385127 0.572144548524686 0.35211003934781 0.239669990922795 1.37098141969158 55
"Epinephelus spilotoceps" 3.46514319895524 0.685767152823765 0.264319713452994 0.509421869801099 0.670646676035778 0.572099153171736 0.374263395709175 0.221096753955003 1.56159357434639 35
"Ferdauia ferdau" 2.49774364711042 0.470088518343926 0.311456728745683 0.391207301158183 0.411921938691693 0.524034206035488 0.357293662173487 0.381040996388125 9.52379959118818 70
"Ferdauia orthogrammus" 2.46888431527156 0.533779703223327 0.285048023722541 0.461968551681507 0.448266086944006 0.536850260463556 0.405416536650071 0.351907263960977 9.67202242244426 75
"Hipposcarus longiceps" 2.74768881618728 0.718011388340379 0.133799672173487 0.456957326307705 0.177943360716171 0.638821847936691 0.416841856278654 0.249587044316149 1.6119748290448 60
"Kyphosus cinerascens" 2.37079168463949 0.514289897379865 0.309151232902458 0.381086522311828 0.223602217042175 0.415543599225057 0.377163181431849 0.183752491792998 2.5272855606145 50.7
"Kyphosus vaigiensis" 2.40952905742924 0.553409930101254 0.316812226436027 0.442621910470774 0.218417905763135 0.426488543913767 0.400139787440318 0.174951668994983 3.02832373293152 70
"Lethrinus harak" 2.86922193192192 0.683731429973796 0.269972986207903 0.446401279911568 0.277346043255444 0.683257939556244 0.371946068584087 0.273226467201625 1.88214237230335 50
"Lethrinus olivaceus" 3.14757734563785 0.686508665626686 0.195436847665861 0.440024359233078 0.42865147945358 0.739116716833839 0.386707481254181 0.225181179961353 2.89688210299542 100
"Lethrinus xanthochilus" 3.22787366780012 0.759761025599603 0.206669760815042 0.384511152804353 0.361893061568867 0.79689421894788 0.394590432222708 0.219621674237698 2.6095840487717 70
"Lutjanus argentimaculatus" 2.74921522796916 0.60697951153466 0.217749539729921 0.420290445095694 0.483115784613324 0.603114521013551 0.327218278987728 0.296641515907627 1.94261297465498 150
"Lutjanus bohar" 2.76326728509476 0.701988431570559 0.203004537818877 0.498768019989438 0.460046592387005 0.702941072833835 0.337847436372826 0.307997604853347 2.52914456575155 90
"Lutjanus fulvus" 2.7136735362024 0.572534252394108 0.254571390565446 0.329326799280214 0.389483312273513 0.608468386426663 0.351280564913313 0.290312443095113 2.09538900398861 40
"Lutjanus gibbus" 2.51554362534703 0.588879996080321 0.257096056695248 0.377190960337793 0.387652708917999 0.592712528830802 0.312842463325379 0.315741847813542 2.36497183239886 50
"Lutjanus monostigma" 2.97160426881415 0.617641350080998 0.261036264904916 0.359252443411783 0.501465728891552 0.659332463126866 0.334128322107442 0.259713120278432 2.31110496421172 60
"Lutjanus semicinctus" 2.79143901111493 0.638189178460434 0.220341372315846 0.403994610473649 0.380477762619133 0.608715457544143 0.361049052086547 0.275910070181518 1.79036978663056 35
"Macolor macularis" 2.42919405739139 0.572300611948057 0.269357727162703 0.422781946937294 0.440897583091666 0.632273137497168 0.298319947154823 0.368766872726628 2.10015628321922 60
"Macolor niger" 2.45690684000013 0.57481781500499 0.276053570368906 0.437280959941407 0.424873253724735 0.625298716875622 0.293694395329931 0.358871475130871 1.94978791037612 75
"Monotaxis grandoculis" 2.46631749602461 0.689050575670349 0.270950840522743 0.42548470540889 0.374750488331788 0.68962716450579 0.322490538933773 0.32039490899615 2.08274679484975 60
"Mulloidichthys vanicolensis" 4.14349755015875 0.666189604216826 0.298029209234346 0.281625319724545 0.205697868600179 0.748405439661512 0.420860070384132 0.168681100787865 2.7085170332063 38
"Myripristis adusta" 2.39989917905243 0.548681428006532 0.532203508598479 0.464139134827925 0.498079172378914 0.498201747470842 0.337666383185174 0.239188085846125 3.07129453048952 35
"Myripristis sp" 2.58552538152517 0.576671121541378 0.577963252982041 0.491439530155202 0.517976520560744 0.539383922676943 0.331961949375098 0.247193087618614 3.23540887873844 38.83
"Naso lituratus" 2.09063229581353 0.773635582662978 0.136887375275432 0.477498151482955 0.0851674150540987 0.76002421333025 0.441732903617261 0.188942583835009 5.10423240290801 46
"Naso unicornis" 2.20957814755692 0.765736884896128 0.116476976646183 0.438132207995091 0.078385957426582 0.74392476336285 0.422870309725988 0.180588915419275 5.76447681545349 70
"Naso vlamingii" 2.63485233281807 0.703482583132156 0.149763488581239 0.478111532249331 0.0913613467984814 0.780829866108384 0.359336296340437 0.17851711338062 8.8265299393743 60
"Parupeneus barberinus" 3.48272449486634 0.645621315127941 0.197851470409891 0.238295930082558 0.233167714834947 0.718649887866604 0.407129260340007 0.205462886164949 1.98775119571554 60
"Parupeneus trifasciatus" 3.07516691826672 0.679879333725755 0.213695526601702 0.336117996179526 0.32976950280027 0.76442651473741 0.432852816138558 0.230214785450456 1.61520269999747 35
"Pempheris oualensis" 2.62265575434226 0.566433667530577 0.512475479021387 0.506988515754871 0.402398291257447 0.55687309879876 0.357075846315977 0.239386309790509 2.48651785437195 22
"Sargocentron tiere" 3.04544401140144 0.606180510704309 0.429790829211473 0.44052390998401 0.529020055080598 0.587125916942922 0.352620618866301 0.196180550788503 2.69370092340115 33
"Scarus dimidiatus" 2.8391952704146 0.647594774428932 0.169884157134879 0.480110691584957 0.152395803990317 0.62573787940964 0.390283162651892 0.247607157818659 1.39284639320279 40
"Scarus forsteni" 2.8867385828083 0.635609118894513 0.202765760618287 0.460861369156011 0.179932142608822 0.604343603779028 0.5264215230758 0.258573615113458 1.33956976353304 55
"Scarus frenatus" 2.73604874227049 0.616734351617815 0.208498710828217 0.452844117146682 0.147613620070421 0.603537349075921 0.378621436502693 0.22713124105389 1.33435767351024 47
"Scarus ghobban" 2.95034418958254 0.581924570360957 0.177180309958396 0.367250190225462 0.166094841296261 0.595853099901688 0.347711606860219 0.18074128458191 1.33624928042695 75
"Scarus oviceps" 2.89976628077432 0.631990338701624 0.222750289746657 0.4815154504751 0.171962898195718 0.629149443509146 0.398152345898874 0.218594821403515 1.28948213786141 35
"Scarus psittacus" 2.88009483272086 0.66572833994718 0.188517646607196 0.527829660718348 0.168018539916588 0.629769222756359 0.420137812259224 0.202056957655068 1.39299392261321 34
"Scarus rivulatus" 2.61084475831686 0.627503182906609 0.15701667741232 0.454799028493632 0.141913735773732 0.624952216230326 0.410214548266315 0.243918257863893 1.44813954122671 40
"Scarus rubroviolaceus" 2.84152897237504 0.687845221966927 0.167064744711039 0.5073728475588 0.162803433783758 0.638947397275893 0.422883544680888 0.220336161325962 1.51747683355037 70
"Selar crumenophthalmus" 3.83496937086677 0.583410066203748 0.540691227834151 0.567869979980824 0.413157563196422 0.600054580847067 0.370555335511634 0.216419984234928 5.89419070678859 70
"Siganus argenteus" 2.50375608845174 0.584207272465116 0.341446619549368 0.482035025506565 0.185956698173802 0.44626972799995 0.366215218562671 0.137662609772728 5.29644579532641 40
"Siganus doliatus" 2.15180890354896 0.610719602812503 0.314241884290774 0.423181495945695 0.160282268231784 0.49655950536735 0.334439751074968 0.182747614182508 4.566768281152 25
"Siganus punctatus" 2.2816887119991 0.640554916339795 0.270407171210614 0.435059887593425 0.148680266477634 0.570470877423022 0.353266495360824 0.175593706676528 3.30053917762462 40
