"site" "longitude" "latitude" "local_access" "nearest_port" "boats_nearest_port" "dist_okat" "boats_okat" "pop_okat" "dist_lelu" "boats_lelu" "pop_lelu" "dist_utwe" "boats_utwe" "pop_utwe" "dist_walung" "boats_walung" "pop_walung" "wave_energy" "access_1" "mean_access" "access_2" "total_gravity_pop" "nearest_gravity" "long" "lat" "wave_mean" "wave_wind_fetch" "wave_ww3_res" "pop2015_20km" "dist_market" "npp_mean" "npp_flag" "pop2015_5km" "reef_area_5km" "local_gravity"
"1" "KOS-01" 162.9805157 5.265350946 0.16 1750 22 22000 35 2067 14820 16 4005 1750 22 1518 13890 26 216 131.1206122 6.93857261907579e-08 1.73464315476895e-08 -4386687051.22107 0.000106498397320849 1.47323630265486e-06 162.9805157 5.265350946 0.051926361 1 2 6256 1514.646266 384.6270815 1 1393 7.5 11159.3006825188
"2" "KOS-02" 162.9351378 5.266485882 1.01 4880 22 17130 35 2067 19910 16 4005 4880 22 1518 8830 26 216 353.8540658 1.03507858089628e-08 2.58769645224071e-09 -4645975126.631 1.42549419535658e-05 1.57408241757893e-07 162.9351378 5.266485882 0.050981315 1 2 6256 1512.014253 386.0743499 1 832 7.5 138.97126470025
"3" "KOS-03" 162.9023588 5.28946583 1.15 4070 26 12010 35 2067 24460 16 4005 9690 22 1518 4070 26 216 153.8112429 1.58116205044927e-08 3.95290512612316e-09 -4295437649.56765 9.97487892889295e-06 3.11689681050591e-07 162.9023588 5.28946583 12.48289537 0 2 6256 1512.181803 401.7755025 0 144 10 21.6224402867364
"4" "KOS-04" 162.8979891 5.296150047 1.54 3550 26 11470 35 2067 25680 16 4005 10690 22 1518 3550 26 216 172.2790211 1.88804277444896e-08 4.72010693612239e-09 -4726382788.91439 1.01391314302223e-05 4.00667409870167e-07 162.8979891 5.296150047 12.35720288 0 2 6256 1512.542097 376.7964131 1 124 9.75 10.1542445878506
"5" "KOS-05" 162.9251359 5.320633362 0.98 1890 26 6350 35 2067 23110 16 4005 15520 22 1518 1890 26 216 122.1675815 6.46713784680802e-08 1.616784461702e-08 -3934834658.89 2.61230345374199e-05 1.51467955380963e-06 162.9251359 5.320633362 12.24127912 0 2 6256 1516.446254 376.7964131 2 270 12.75 58.5036060785616
"6" "KOS-06" 163.0375079 5.311155562 0.43 4510 16 15310 35 2067 4510 16 4005 12060 22 1518 24340 26 216 2382.913444 7.97236147755951e-09 1.99309036938988e-09 -7718655920.03445 2.78445885914019e-05 1.0115939567146e-07 163.0375079 5.311155562 12.36522236 0 2 6256 1522.339477 410.5632514 2 2655 10.25 1846.57495756041
"7" "KOS-07" 162.9469886 5.35639957 1.57 3490 35 3490 35 2067 18160 16 4005 20590 22 1518 7270 26 216 136.7340379 2.16372115270383e-08 5.40930288175958e-09 -4026725506.136 3.8534624297936e-05 5.84285805775765e-07 162.9469886 5.35639957 12.6955697 0 2 6256 1521.083061 376.8235492 1 930 12 76.7170314057868
"8" "KOS-08" 162.9483609 5.361430848 1.58 3490 35 3490 35 2067 17710 16 4005 21110 22 1518 7880 26 216 996.6538619 1.50104167917045e-08 3.75260419792613e-09 -5755170395.54908 2.74255786934918e-05 4.16189409209388e-07 162.9483609 5.361430848 12.6955697 0 2 6256 1521.633354 376.8235492 1 886 12 51.4035818444455
"9" "KOS-09" 162.9470447 5.353099874 1.57 3030 35 3030 35 2067 18710 16 4005 20230 22 1518 7000 26 216 129.8046133 2.76673250165742e-08 6.91683125414356e-09 -3977969588.57068 5.02872838173288e-05 7.83444028064634e-07 162.9470447 5.353099874 12.6955697 0 2 6256 1520.779472 376.8235492 1 942 12.5 78.537447977346
"10" "KOS-10" 163.0289405 5.28504428 0.36 7720 16 17940 35 2067 7720 16 4005 8810 22 1518 21000 26 216 2384.724409 4.50537453683517e-09 1.12634363420879e-09 -6999606794.71435 1.20447087066704e-05 3.45209137376278e-08 163.0289405 5.28504428 12.17723278 0 2 6256 1519.402813 393.9970273 1 2441 8.75 2421.9193581013
"11" "KOS-11" 162.946761 5.343479535 2.07 2850 35 2850 35 2067 19350 16 4005 19320 22 1518 5660 26 216 120.5441257 3.33220802840449e-08 8.33052007101123e-09 -3775356162.44184 5.75924879889225e-05 8.99207822444753e-07 162.946761 5.343479535 12.6955697 0 2 6256 1519.86768 376.8235492 1 939 12.75 45.7305740757494
"12" "KOS-16" 162.9846 5.37288 0.65 2930 35 2930 35 2067 12810 16 4005 23770 22 1518 11890 26 216 906.2121109 1.93002950907716e-08 4.8250737726929e-09 -5985800727.68442 3.9562600719179e-05 5.98731395778886e-07 162.9846 5.37288 12.63407258 0 2 6256 1524.872143 378.1940206 1 2363 13.5 821.36508295433
"13" "KOS-17" 163.0236 5.35628 0.31 6560 16 9270 35 2067 6560 16 4005 17350 22 1518 18530 26 216 2377.78807 5.28806696585444e-09 1.32201674146361e-09 -6011964857.71732 1.57954105745111e-05 4.78268639038235e-08 163.0236 5.35628 12.86505252 0 2 6256 1525.679728 418.6862148 1 3543 14 4742.50027857159
"14" "KOS-18" 163.0283787 5.342580917 1.01 4970 16 10970 35 2067 4970 16 4005 16000 22 1518 20100 26 216 2368.323714 7.10115319623116e-09 1.77528829905779e-09 -6255202323.38989 2.39101497928063e-05 8.33661353492682e-08 163.0283787 5.342580917 12.86505252 0 2 6256 1524.6982 418.6862148 1 3217 12.75 405.873575397694
"15" "KOS-19" 162.9549519 5.266578421 1.06 2630 22 19240 35 2067 16420 16 4005 2630 22 1518 11100 26 216 284.176808 2.8161309678225e-08 7.04032741955625e-09 -4349742504.93688 4.27736422779521e-05 5.62981008110042e-07 162.9549519 5.266578421 0.050981315 1 2 6256 1513.216576 386.0743499 1 1042 6.75 164.149116276667
"16" "KOS-20" 162.9626257 5.27805839 1.08 2140 22 21490 35 2067 17300 16 4005 2140 22 1518 13030 26 216 9.833894919 1.0051303090271e-07 2.51282577256775e-08 -2138331517.01949 0.000153379247082871 2.1016008723798e-06 162.9626257 5.27805839 0.051926361 1 2 6256 1514.744548 384.6270815 1 1285 6.75 481.959696945085
"17" "KOS-21" 162.9418923 5.329341564 0.64 3840 26 4840 35 2067 21670 16 4005 17750 22 1518 3840 26 216 79.69602085 2.64510887827571e-08 6.61277219568927e-09 -3602498082.32557 2.65477923705044e-05 4.02729416286939e-07 162.9418923 5.329341564 12.24127912 0 2 6256 1518.260927 376.7964131 2 441 13.5 245.912777421978
"18" "KOS-23" 162.9896907 5.258907257 0.35 3000 22 23190 35 2067 13410 16 4005 3000 22 1518 15040 26 216 606.1514579 1.91899219536305e-08 4.79748048840763e-09 -6104750516.13381 3.05497854219767e-05 3.81519414804763e-07 162.9896907 5.258907257 0.051926361 1 2 6256 1514.604179 384.6270815 1 1475 7.5 1879.28394491029
"19" "KOS-24" 163.0283787 5.342580916 0.88 5180 16 11000 35 2067 5180 16 4005 15810 22 1518 20080 26 216 2368.323714 6.69421864202733e-09 1.67355466050683e-09 -6223680463.17448 2.22590288067588e-05 7.6743734166483e-08 163.0283787 5.342580916 12.86505252 0 2 6256 1524.6982 418.6862148 1 3217 12.75 534.648288046471
"20" "KOS-25" 162.9007034 5.312296603 0.99 2070 26 9110 35 2067 25050 16 4005 12480 22 1518 2070 26 216 225.2137351 4.67858278048264e-08 1.16964569512066e-08 -4715703894.75426 1.68808434278614e-05 1.12013359321156e-06 162.9007034 5.312296603 12.35720288 0 2 6256 1514.207508 376.7964131 1 117 10 22.0370084185133
"21" "KOS-26" 162.9681887 5.361081166 0.43 640 35 640 35 2067 15390 16 4005 22360 22 1518 9220 26 216 746.3535714 3.71778958406899e-07 9.29447396017248e-08 -5439279606.45744 0.000766246453774378 1.29171039317087e-05 162.9681887 5.361081166 12.63407258 0 2 6256 1522.78994 378.1940206 1 2185 13.25 1786.3707036058
"22" "KOS-27" 162.9552797 5.350496542 0.76 1520 35 1520 35 2067 17400 16 4005 20560 22 1518 7220 26 216 25.26815067 1.41715795048593e-07 3.54289487621483e-08 -2518761985.8805 0.000283511562784653 4.69072058311438e-06 162.9552797 5.350496542 12.6955697 0 2 6256 1521.031174 376.8235492 1 1545 12.75 828.247234389911
"23" "KOS-28" 163.0231905 5.272259785 0.56 7480 22 19670 35 2067 9010 16 4005 7480 22 1518 19720 26 216 2397.33974 4.54212625797106e-09 1.13553156449276e-09 -7104431268.53312 1.05837180408444e-05 5.05268056990803e-08 163.0231905 5.272259785 12.17723278 0 2 6256 1517.870739 393.9970273 1 2246 6.5 920.314057660273
"24" "KOS-29" 162.9663819 5.279526286 0.9 1910 22 21490 35 2067 17310 16 4005 1910 22 1518 13080 26 216 9.833894919 1.24883471176827e-07 3.12208677942066e-08 -2139977546.86308 0.000190394976338618 2.63822026675544e-06 162.9663819 5.279526286 0.051926361 1 2 6256 1515.107291 384.6270815 1 1361 6.5 735.069177012339
